4106 33
4758 58
6420 34
1323 67
8512 68
9177 53
6715 46
6169 51
736 40
11008 67
2114 66
8144 72
7412 52
2156 43
3059 69
9638 79
3615 47
309 77
5944 56
2698 74
12146 64
3057 34
11519 55
11289 37
5826 72
5833 64
1609 39
529 72
12198 68
5641 53
9099 77
11703 71
6976 44
1999 46
11073 53
6663 38
6230 62
9898 46
1551 75
11346 78
11492 49
10011 41
5084 61
7915 40
4383 53
11101 65
11514 48
4590 34
2472 66
7670 34
12370 72
7792 50
5965 42
10055 33
9623 73
9257 56
10969 72
4027 77
6018 57
1368 44
2661 70
1228 35
8266 37
2273 67
7523 54
5463 71
11968 80
10287 52
6725 36
12304 53
9092 38
3465 76
5707 68
10782 44
8205 31
928 73
9683 72
1222 41
12004 63
7520 55
1525 46
3654 43
5654 57
6540 51
6930 48
9831 54
31 59
5608 75
9119 45
11738 32
2485 55
2188 36
300 46
6047 68
5362 69
6108 66
9599 49
3739 78
3953 44
2249 65
8754 49
2456 72
8989 71
3494 55
6621 57
8773 38
4908 35
11935 59
2102 33
8841 57
8892 76
1512 58
4888 79
3058 59
6560 58
5473 37
2399 52
2744 77
9944 73
9069 65
10284 61
2201 74
2914 64
4770 64
11372 44
2572 52
930 75
1476 35
8124 47
12350 48
2908 75
2341 70
1844 58
8248 31
9392 51
7280 78
3723 48
16 44
5012 63
2855 48
135 74
435 44
2602 76
5214 52
11193 79
12024 58
4253 48
2759 46
11513 34
6903 34
6088 38
2406 56
4034 64
11139 35
5248 76
8018 76
9066 58
1972 41
8395 33
6363 50
8431 31
5761 74
4940 61
10649 42
979 39
5616 45
4734 43
3342 46
452 53
7493 61
7859 54
3102 34
9864 47
869 61
3345 32
12007 40
3381 64
8033 36
477 36
8638 55
5234 50
3524 40
9285 47
456 43
3530 74
4204 74
7404 65
3599 62
9707 69
3216 60
8608 62
8653 48
1346 72
8021 46
3055 64
12104 33
11750 54
8934 55
5751 35
7628 75
10470 75
8427 66
11794 74
5033 39
3280 34
2360 54
1080 64
140 51
9047 78
6727 35
4442 72
5319 75
1326 52
1248 58
8966 56
4723 56
11979 49
6934 33
4021 72
8209 71
9462 69
5100 32
5089 79
3697 73
8254 32
1591 36
3424 35
1627 44
4427 46
3808 76
6306 70
3815 76
1944 31
11392 34
9941 72
9920 75
5730 52
4775 78
2452 75
9859 72
5474 42
11890 41
11024 66
5858 73
11865 48
1789 69
9747 38
2052 76
4416 44
3016 66
9353 32
8455 79
6526 39
12111 41
2792 50
7729 53
4203 32
11874 80
3835 39
5912 48
11609 39
5515 73
11078 51
1139 57
10921 59
10837 52
1542 35
4915 52
2407 78
9342 76
6089 42
5361 46
9453 33
7899 40
9487 54
3236 61
10129 41
3368 44
4309 76
1327 42
5694 61
11971 41
32 50
6385 78
2954 52
4911 73
6348 42
9189 56
7888 49
5591 33
5243 64
8572 56
5919 37
3063 68
5718 48
6044 75
10863 44
1362 37
9095 73
4195 72
11857 48
1889 74
6150 77
5176 71
6578 41
4146 54
11590 53
58 69
1188 76
10975 75
2966 31
7341 60
11504 77
12236 45
907 43
8403 55
8816 70
9803 77
82 79
472 49
2439 51
5920 42
8227 31
9425 42
96 58
1261 76
6471 32
6830 69
2984 67
990 36
436 47
9091 80
8041 33
4643 54
2829 41
6772 59
2654 34
10815 39
2324 39
2764 73
10422 69
6387 46
90 42
3711 35
3924 50
10381 55
1007 41
8535 40
1150 52
11138 62
11796 68
2651 57
1369 65
3676 55
3363 33
1154 33
9126 41
4625 77
4899 32
7783 31
1005 51
7614 74
1472 77
8314 66
6779 30
7763 54
5525 59
10311 34
5875 53
8130 68
6114 61
11929 60
9365 45
9144 69
3193 71
617 52
10879 50
3712 53
1613 72
1431 41
10188 44
7513 39
7044 48
281 35
9001 74
3214 67
5027 67
9116 43
7559 47
4700 44
11780 69
7711 62
10970 57
12279 52
434 52
10036 46
8661 51
11264 40
9655 65
1813 63
3449 80
9426 36
7958 34
11336 40
4826 48
3801 54
4932 47
8477 65
12116 57
1942 63
9325 43
1113 63
5239 75
4057 67
5245 66
2957 32
10937 59
1626 67
5941 54
8220 56
5766 73
9167 35
9267 80
2335 79
2404 62
2600 48
12385 49
6828 46
10257 60
555 78
9272 52
7355 35
5096 44
9890 55
7478 74
3485 57
8025 44
10503 53
10159 66
10597 62
2684 52
7807 38
1553 33
6771 53
5626 31
10988 60
1713 62
2620 49
3279 78
7398 50
3361 79
10484 63
5938 50
8244 44
9019 77
11254 74
5455 69
10665 52
7579 47
10618 60
3986 50
8155 51
229 50
10114 57
11726 35
1099 40
10491 30
4297 47
10390 57
3601 76
11704 69
9330 64
5216 52
4344 39
3086 36
5404 50
4983 31
372 50
1913 68
8414 57
154 47
347 45
9888 65
3291 38
3474 51
1048 46
4842 55
3611 76
8446 43
11408 71
5142 41
1501 61
8055 40
7093 37
3394 65
2601 36
9714 56
7676 39
8239 50
9059 37
